Q:
292
n:
15
Demands:
1	50
2	63
3	67
4	68
5	72
6	98
7	79
8	100
9	96
10	92
11	66
12	87
13	92
14	86
15	52
Cost-matrix:
0	739	288	900	426	596	311	89	320	499	643	766	791	173	943	528	
739	0	472	970	340	808	435	692	496	714	795	776	377	566	282	1022	
288	472	0	768	141	496	142	225	81	382	519	595	511	137	656	596	
900	970	768	0	766	306	906	816	687	405	259	195	636	865	901	555	
426	340	141	766	0	532	185	365	158	422	538	579	394	263	517	694	
596	808	496	306	532	0	637	513	417	115	63	219	566	575	830	324	
311	435	142	906	185	637	0	285	221	523	659	729	577	142	667	720	
89	692	225	816	365	513	285	0	242	413	558	679	714	145	879	478	
320	496	81	687	158	417	221	242	0	303	438	516	473	198	647	541	
499	714	382	405	422	115	523	413	303	0	146	273	511	464	764	346	
643	795	519	259	538	63	659	558	438	146	0	156	528	609	796	384	
766	776	595	195	579	219	729	679	516	273	156	0	454	705	723	536	
791	377	511	636	394	566	577	714	473	511	528	454	0	646	271	857	
173	566	137	865	263	575	142	145	198	464	609	705	646	0	777	603	
943	282	656	901	517	830	667	879	647	764	796	723	271	777	0	1105	
528	1022	596	555	694	324	720	478	541	346	384	536	857	603	1105	0	
