Q:
306
n:
15
Demands:
1	92
2	58
3	80
4	87
5	100
6	71
7	97
8	82
9	88
10	95
11	74
12	68
13	85
14	95
15	53
Cost-matrix:
0	325	754	289	864	797	930	538	43	761	826	544	290	929	417	774	
325	0	893	43	697	959	937	384	306	824	875	510	432	1018	631	834	
754	893	0	890	758	91	381	668	725	200	240	467	481	212	357	208	
289	43	890	0	731	954	952	413	273	831	885	525	421	1023	616	841	
864	697	758	731	0	849	500	331	823	568	561	382	669	722	800	564	
797	959	91	954	849	0	454	754	771	287	320	553	538	249	385	294	
930	937	381	952	500	454	0	590	890	207	145	427	644	245	635	193	
538	384	668	413	331	754	590	0	497	533	565	203	387	728	565	538	
43	306	725	273	823	771	890	497	0	725	788	502	254	896	395	737	
761	824	200	831	568	287	207	533	725	0	69	336	472	197	433	15	
826	875	240	885	561	320	145	565	788	69	0	375	537	168	501	55	
544	510	467	525	382	553	427	203	502	336	375	0	298	532	420	342	
290	432	481	421	669	538	644	387	254	472	537	298	0	643	207	485	
929	1018	212	1023	722	249	245	728	896	197	168	532	643	0	556	191	
417	631	357	616	800	385	635	565	395	433	501	420	207	556	0	447	
774	834	208	841	564	294	193	538	737	15	55	342	485	191	447	0	
