Q:
254
n:
15
Demands:
1	93
2	86
3	52
4	50
5	54
6	62
7	59
8	89
9	84
10	59
11	70
12	61
13	64
14	86
15	50
Cost-matrix:
0	899	665	554	1170	723	958	195	1267	589	169	224	977	1136	814	675	
899	0	463	399	353	647	76	818	387	478	817	735	79	362	512	225	
665	463	0	183	816	849	537	506	829	620	675	616	518	820	797	346	
554	399	183	0	736	670	471	434	785	440	528	460	471	726	630	211	
1170	353	816	736	0	685	279	1126	167	627	1054	972	308	67	511	533	
723	647	849	670	685	0	649	797	840	231	559	503	699	624	175	541	
958	76	537	471	279	649	0	886	316	502	869	786	54	291	501	287	
195	818	506	434	1126	797	886	0	1201	616	309	316	894	1103	851	601	
1267	387	829	785	167	840	316	1201	0	758	1166	1082	316	234	668	601	
589	478	620	440	627	231	502	616	758	0	446	370	544	580	235	326	
169	817	675	528	1054	559	869	309	1166	446	0	84	895	1014	661	598	
224	735	616	460	972	503	786	316	1082	370	84	0	812	933	592	516	
977	79	518	471	308	699	54	894	316	544	895	812	0	329	553	303	
1136	362	820	726	67	624	291	1103	234	580	1014	933	329	0	450	518	
814	512	797	630	511	175	501	851	668	235	661	592	553	450	0	459	
675	225	346	211	533	541	287	601	601	326	598	516	303	518	459	0	
