Q:
262
n:
15
Demands:
1	87
2	55
3	88
4	59
5	92
6	63
7	62
8	61
9	67
10	50
11	73
12	64
13	60
14	76
15	94
Cost-matrix:
0	631	275	759	422	469	468	125	562	417	538	619	408	795	698	340	
631	0	863	562	817	829	378	594	812	810	504	202	445	783	572	685	
275	863	0	830	284	337	601	269	469	283	610	882	519	777	755	302	
759	562	830	0	611	583	310	645	479	607	226	751	353	258	81	532	
422	817	284	611	0	54	469	325	186	8	417	900	386	507	531	134	
469	829	337	583	54	0	469	366	137	57	402	922	389	463	503	156	
468	378	601	310	469	469	0	367	436	463	139	521	86	447	270	346	
125	594	269	645	325	366	367	0	446	318	421	622	297	671	581	224	
562	812	469	479	186	137	436	446	0	187	334	932	370	330	400	223	
417	810	283	607	8	57	463	318	187	0	412	893	380	506	527	127	
538	504	610	226	417	402	139	421	334	412	0	657	139	310	161	317	
619	202	882	751	900	922	521	622	932	893	657	0	566	955	751	768	
408	445	519	353	386	389	86	297	370	380	139	566	0	439	297	261	
795	783	777	258	507	463	447	671	330	506	310	955	439	0	216	485	
698	572	755	81	531	503	270	581	400	527	161	751	297	216	0	455	
340	685	302	532	134	156	346	224	223	127	317	768	261	485	455	0	
