Q:
271
n:
15
Demands:
1	64
2	71
3	97
4	66
5	62
6	70
7	82
8	79
9	89
10	63
11	50
12	86
13	89
14	65
15	53
Cost-matrix:
0	504	530	232	351	935	851	96	540	917	988	704	410	785	924	624	
504	0	316	620	407	924	395	590	43	879	681	201	733	809	885	642	
530	316	0	515	224	608	389	578	349	564	462	391	553	498	569	339	
232	620	515	0	293	760	892	174	661	753	933	803	179	609	760	474	
351	407	224	293	0	617	607	376	449	589	653	556	343	474	596	300	
935	924	608	760	617	0	848	920	956	59	555	969	633	152	58	317	
851	395	389	892	607	848	0	921	384	791	392	244	942	790	794	676	
96	590	578	174	376	920	921	0	627	909	1028	788	349	769	916	620	
540	43	349	661	449	956	384	627	0	910	692	172	775	844	916	679	
917	879	564	753	589	59	791	909	910	0	497	917	637	150	8	294	
988	681	462	933	653	555	392	1028	692	497	0	607	907	561	497	533	
704	201	391	803	556	969	244	788	172	917	607	0	896	878	922	728	
410	733	553	179	343	633	942	349	775	637	907	896	0	488	644	392	
785	809	498	609	474	152	790	769	844	150	561	878	488	0	156	176	
924	885	569	760	596	58	794	916	916	8	497	922	644	156	0	301	
624	642	339	474	300	317	676	620	679	294	533	728	392	176	301	0	
