Q:
279
n:
15
Demands:
1	84
2	57
3	58
4	74
5	67
6	77
7	51
8	50
9	84
10	100
11	79
12	96
13	78
14	97
15	66
Cost-matrix:
0	522	333	176	718	561	619	448	846	816	415	781	173	508	917	126	
522	0	484	398	580	73	374	77	472	535	385	378	584	418	415	422	
333	484	0	408	399	552	360	443	604	533	619	568	503	213	773	371	
176	398	408	0	742	421	598	321	796	798	243	718	187	525	810	52	
718	580	399	742	0	648	211	594	339	200	888	370	878	218	624	721	
561	73	552	421	648	0	440	118	515	591	364	419	605	490	412	452	
619	374	360	598	211	440	0	396	244	201	707	220	759	155	459	589	
448	77	443	321	594	118	396	0	526	573	326	436	508	411	491	346	
846	472	604	796	339	515	244	526	0	150	852	96	971	396	308	797	
816	535	533	798	200	591	201	573	150	0	895	214	959	322	455	789	
415	385	619	243	888	364	707	326	852	895	0	760	348	681	774	294	
781	378	568	718	370	419	220	436	96	214	760	0	897	372	254	723	
173	584	503	187	878	605	759	508	971	959	348	897	0	664	997	175	
508	418	213	525	218	490	155	411	396	322	681	372	664	0	601	504	
917	415	773	810	624	412	459	491	308	455	774	254	997	601	0	830	
126	422	371	52	721	452	589	346	797	789	294	723	175	504	830	0	
