Q:
283
n:
15
Demands:
1	68
2	75
3	95
4	95
5	63
6	63
7	65
8	88
9	84
10	68
11	67
12	98
13	72
14	61
15	73
Cost-matrix:
0	700	488	476	363	428	340	430	328	803	898	394	121	583	674	374	
700	0	269	326	677	386	686	444	564	617	225	687	645	328	176	907	
488	269	0	65	409	355	418	416	297	466	422	615	470	409	187	642	
476	326	65	0	354	402	365	461	247	418	459	645	474	469	218	595	
363	677	409	354	0	607	27	644	118	492	804	717	449	732	563	255	
428	386	355	402	607	0	601	64	499	819	610	302	329	156	467	755	
340	686	418	365	27	601	0	635	122	518	819	700	429	729	577	236	
430	444	416	461	644	64	635	0	540	879	668	246	320	176	531	774	
328	564	297	247	118	499	122	540	0	478	704	639	387	618	462	349	
803	617	466	418	492	819	518	879	478	0	590	1055	845	867	441	721	
898	225	422	459	804	610	819	668	704	590	0	912	856	541	243	1052	
394	687	615	645	717	302	700	246	639	1055	912	0	279	406	758	767	
121	645	470	474	449	329	429	320	387	845	856	279	0	484	649	493	
583	328	409	469	732	156	729	176	618	867	541	406	484	0	461	900	
674	176	187	218	563	467	577	531	462	441	243	758	649	461	0	810	
374	907	642	595	255	755	236	774	349	721	1052	767	493	900	810	0	
