Q:
286
n:
15
Demands:
1	94
2	72
3	78
4	75
5	87
6	50
7	86
8	87
9	55
10	92
11	82
12	93
13	62
14	59
15	74
Cost-matrix:
0	934	650	719	326	553	879	684	716	542	867	213	890	559	713	686	
934	0	561	467	652	527	498	466	227	675	395	888	473	677	970	275	
650	561	0	741	337	121	873	96	474	782	793	740	863	795	1094	508	
719	467	741	0	588	638	164	677	312	249	160	578	172	244	507	256	
326	652	337	588	0	230	748	360	457	528	701	405	749	544	810	449	
553	527	121	638	230	0	779	132	397	664	705	626	771	677	975	420	
879	498	873	164	748	779	0	801	412	375	104	727	31	364	554	368	
684	466	96	677	360	132	801	0	394	745	716	748	788	757	1063	434	
716	227	474	312	457	397	412	394	0	472	323	662	397	477	784	61	
542	675	782	249	528	664	375	745	472	0	406	363	395	18	322	412	
867	395	793	160	701	705	104	716	323	406	0	736	80	399	630	287	
213	888	740	578	405	626	727	748	662	363	736	0	743	377	501	617	
890	473	863	172	749	771	31	788	397	395	80	743	0	385	583	356	
559	677	795	244	544	677	364	757	477	18	399	377	385	0	313	417	
713	970	1094	507	810	975	554	1063	784	322	630	501	583	313	0	723	
686	275	508	256	449	420	368	434	61	412	287	617	356	417	723	0	
