Q:
287
n:
15
Demands:
1	80
2	75
3	86
4	95
5	94
6	79
7	97
8	56
9	88
10	72
11	58
12	64
13	51
14	84
15	71
Cost-matrix:
0	672	366	14	586	753	182	598	358	751	689	309	627	699	512	521	
672	0	613	683	98	593	740	264	837	232	598	605	377	283	163	831	
366	613	0	378	515	414	545	688	720	569	342	57	769	486	470	861	
14	683	378	0	597	766	172	605	348	764	701	321	631	711	523	514	
586	98	515	597	0	530	668	279	778	227	525	507	394	245	76	794	
753	593	414	766	530	0	919	801	1084	403	77	462	912	319	544	1184	
182	740	545	172	668	919	0	601	177	862	858	488	595	824	592	353	
598	264	688	605	279	801	601	0	650	490	787	659	116	522	260	599	
358	837	720	348	778	1084	177	650	0	988	1026	663	612	961	705	208	
751	232	569	764	227	403	862	490	988	0	431	583	605	94	290	1018	
689	598	342	701	525	77	858	787	1026	431	0	392	894	340	528	1135	
309	605	57	321	507	462	488	659	663	583	392	0	734	505	455	806	
627	377	769	631	394	912	595	116	612	605	894	734	0	638	369	528	
699	283	486	711	245	319	824	522	961	94	340	505	638	0	289	1010	
512	163	470	523	76	544	592	260	705	290	528	455	369	289	0	729	
521	831	861	514	794	1184	353	599	208	1018	1135	806	528	1010	729	0	
