Q:
285
n:
15
Demands:
1	58
2	65
3	86
4	85
5	58
6	84
7	92
8	50
9	72
10	76
11	79
12	58
13	100
14	94
15	86
Cost-matrix:
0	839	561	987	116	546	921	560	397	351	316	804	471	1028	889	863	
839	0	513	187	732	791	635	777	445	651	699	631	371	221	600	578	
561	513	0	699	451	280	979	862	377	225	275	911	297	608	939	911	
987	187	699	0	886	978	574	826	590	830	877	607	535	252	547	531	
116	732	451	886	0	472	873	560	298	253	229	763	361	916	839	812	
546	791	280	978	472	0	1205	1001	563	243	246	1121	521	880	1166	1137	
921	635	979	574	873	1205	0	454	646	978	1002	127	689	814	40	69	
560	777	862	826	560	1001	454	0	488	758	760	329	586	997	436	421	
397	445	377	590	298	563	646	488	0	332	359	559	107	647	608	579	
351	651	225	830	253	243	978	758	332	0	53	887	316	791	940	911	
316	699	275	877	229	246	1002	760	359	53	0	907	356	843	965	936	
804	631	911	607	763	1121	127	329	559	887	907	0	616	829	109	99	
471	371	297	535	361	521	689	586	107	316	356	616	0	558	650	621	
1028	221	608	252	916	880	814	997	647	791	843	829	558	0	783	764	
889	600	939	547	839	1166	40	436	608	940	965	109	650	783	0	29	
863	578	911	531	812	1137	69	421	579	911	936	99	621	764	29	0	
