Q:
263
n:
15
Demands:
1	93
2	75
3	67
4	56
5	89
6	52
7	54
8	51
9	100
10	50
11	84
12	53
13	81
14	53
15	96
Cost-matrix:
0	576	888	805	746	498	288	698	385	1068	925	177	433	675	805	662	
576	0	615	328	379	322	479	279	429	494	393	399	399	179	242	201	
888	615	0	891	984	918	611	882	978	779	874	773	456	771	716	420	
805	328	891	0	149	345	786	115	501	387	149	640	725	152	190	481	
746	379	984	149	0	253	781	102	399	535	291	597	751	213	323	565	
498	322	918	345	253	0	575	230	157	696	488	362	586	270	431	519	
288	479	611	786	781	575	0	702	534	950	871	244	164	636	718	476	
698	279	882	115	102	230	702	0	387	482	259	537	659	112	242	463	
385	429	978	501	399	157	534	387	0	847	644	294	589	419	579	609	
1068	494	779	387	535	696	950	482	847	0	250	892	829	429	272	493	
925	393	874	149	291	488	871	259	644	250	0	754	786	251	169	494	
177	399	773	640	597	362	244	537	294	892	754	0	333	504	629	498	
433	399	456	725	751	586	164	659	589	829	786	333	0	574	623	339	
675	179	771	152	213	270	636	112	419	429	251	504	574	0	162	353	
805	242	716	190	323	431	718	242	579	272	169	629	623	162	0	326	
662	201	420	481	565	519	476	463	609	493	494	498	339	353	326	0	
