Q:
288
n:
15
Demands:
1	59
2	87
3	98
4	73
5	70
6	64
7	98
8	87
9	99
10	78
11	68
12	99
13	53
14	56
15	66
Cost-matrix:
0	395	835	1111	839	1108	641	672	358	114	483	455	1118	556	466	873	
395	0	516	755	820	735	581	279	314	304	293	97	913	324	86	664	
835	516	0	294	663	336	493	407	521	722	370	547	474	294	432	288	
1111	755	294	0	900	107	768	555	813	999	662	758	554	587	670	493	
839	820	663	900	0	977	240	934	535	759	534	910	490	535	787	407	
1108	735	336	107	977	0	827	507	835	999	685	725	656	613	652	574	
641	581	493	768	240	827	0	705	307	547	294	670	517	304	548	319	
672	279	407	555	934	507	705	0	526	581	426	233	874	401	221	655	
358	314	521	813	535	835	307	526	0	252	152	410	760	228	317	516	
114	304	722	999	759	999	547	581	252	0	370	377	1010	443	366	763	
483	293	370	662	534	685	294	426	152	370	0	378	655	77	254	403	
455	97	547	758	910	725	670	233	410	377	378	0	972	398	133	728	
1118	913	474	554	490	656	517	874	760	1010	655	972	0	598	842	252	
556	324	294	587	535	613	304	401	228	443	77	398	598	0	266	346	
466	86	432	670	787	652	548	221	317	366	254	133	842	266	0	596	
873	664	288	493	407	574	319	655	516	763	403	728	252	346	596	0	
