Q:
266
n:
15
Demands:
1	51
2	52
3	71
4	90
5	59
6	81
7	94
8	58
9	57
10	91
11	65
12	51
13	60
14	93
15	94
Cost-matrix:
0	487	713	624	210	760	439	555	268	738	740	75	670	413	103	657	
487	0	592	210	537	279	478	510	750	749	269	421	672	397	451	180	
713	592	0	788	560	624	282	162	927	214	770	705	170	303	768	698	
624	210	788	0	718	295	687	717	867	955	150	550	878	606	559	126	
210	537	560	718	0	777	279	399	368	546	806	253	485	288	306	716	
760	279	624	295	777	0	634	613	1026	825	183	696	757	560	729	170	
439	478	282	687	279	634	0	121	646	316	724	442	241	82	506	636	
555	510	162	717	399	613	121	0	766	241	729	551	163	153	615	647	
268	750	927	867	368	1026	646	766	0	902	995	330	847	643	309	915	
738	749	214	955	546	825	316	241	902	0	957	751	79	380	814	878	
740	269	770	150	806	183	724	729	995	957	0	669	885	643	687	91	
75	421	705	550	253	696	442	551	330	751	669	0	679	402	65	587	
670	672	170	878	485	757	241	163	847	79	885	679	0	303	743	804	
413	397	303	606	288	560	82	153	643	380	643	402	303	0	466	556	
103	451	768	559	306	729	506	615	309	814	687	65	743	466	0	609	
657	180	698	126	716	170	636	647	915	878	91	587	804	556	609	0	
