Q:
266
n:
15
Demands:
1	95
2	81
3	67
4	54
5	55
6	76
7	62
8	96
9	65
10	50
11	84
12	53
13	87
14	75
15	66
Cost-matrix:
0	822	1072	792	549	779	1287	910	961	659	836	40	721	871	294	697	
822	0	549	416	712	398	870	221	321	179	247	814	1005	483	707	919	
1072	549	0	280	645	294	322	330	231	544	320	1045	832	207	821	747	
792	416	280	0	409	21	539	269	238	328	185	766	658	92	548	568	
549	712	645	409	0	410	778	652	645	547	559	511	299	445	256	222	
779	398	294	21	410	0	558	259	235	308	172	754	665	112	540	575	
1287	870	322	539	778	558	0	652	553	848	634	1255	858	447	1007	790	
910	221	330	269	652	259	652	0	101	271	94	893	921	306	727	831	
961	321	231	238	645	235	553	101	0	351	128	941	894	245	753	804	
659	179	544	328	547	308	848	271	351	0	230	648	844	415	529	761	
836	247	320	185	559	172	634	94	128	230	0	817	830	239	640	740	
40	814	1045	766	511	754	1255	893	941	648	817	0	681	843	257	657	
721	1005	832	658	299	665	858	921	894	844	830	681	0	662	468	90	
871	483	207	92	445	112	447	306	245	415	239	843	662	0	615	573	
294	707	821	548	256	540	1007	727	753	529	640	257	468	615	0	424	
697	919	747	568	222	575	790	831	804	761	740	657	90	573	424	0	
