Q:
253
n:
15
Demands:
1	70
2	53
3	51
4	50
5	70
6	66
7	88
8	76
9	52
10	57
11	57
12	100
13	95
14	51
15	76
Cost-matrix:
0	651	280	59	318	867	643	902	806	26	350	937	536	1070	597	933	
651	0	583	597	828	236	748	718	629	638	731	711	127	699	299	466	
280	583	0	279	252	749	367	631	539	293	153	670	506	824	407	726	
59	597	279	0	360	815	646	886	788	42	373	918	480	1042	559	895	
318	828	252	360	0	1000	460	798	720	343	145	845	740	1027	654	961	
867	236	749	815	1000	0	816	675	610	856	883	650	362	568	368	325	
643	748	367	646	460	816	0	358	308	658	327	412	727	621	460	639	
902	718	631	886	798	675	358	0	103	911	655	57	759	277	439	390	
806	629	539	788	720	610	308	103	0	814	576	132	663	316	343	358	
26	638	293	42	343	856	658	911	814	0	371	944	521	1073	595	931	
350	731	153	373	145	883	327	655	576	371	0	701	657	883	526	822	
937	711	670	918	845	650	412	57	132	944	701	0	761	221	444	352	
536	127	506	480	740	362	727	759	663	521	657	761	0	781	320	562	
1070	699	824	1042	1027	568	621	277	316	1073	883	221	781	0	502	244	
597	299	407	559	654	368	460	439	343	595	526	444	320	502	0	337	
933	466	726	895	961	325	639	390	358	931	822	352	562	244	337	0	
