Q:
291
n:
15
Demands:
1	65
2	87
3	94
4	90
5	50
6	87
7	96
8	51
9	84
10	93
11	68
12	71
13	74
14	84
15	70
Cost-matrix:
0	299	514	627	499	607	586	523	226	412	136	459	149	673	371	684	
299	0	322	484	497	340	614	412	439	442	302	178	187	652	661	638	
514	322	0	171	318	182	429	147	515	327	425	395	475	411	792	376	
627	484	171	0	262	311	340	110	567	316	514	566	616	281	844	233	
499	497	318	262	0	500	120	182	360	90	365	642	551	175	619	189	
607	340	182	311	500	0	610	326	660	505	549	321	524	581	928	540	
586	614	429	340	120	610	0	285	413	181	451	762	655	122	641	169	
523	412	147	110	182	326	285	0	459	217	406	521	524	266	736	237	
226	439	515	567	360	660	413	459	0	273	138	617	356	521	280	547	
412	442	327	316	90	505	181	217	273	0	278	600	474	262	538	278	
136	302	425	514	365	549	451	406	138	278	0	479	231	539	380	551	
459	178	395	566	642	321	762	521	617	600	479	0	323	781	829	757	
149	187	475	616	551	524	655	524	356	474	231	323	0	723	517	722	
673	652	411	281	175	581	122	266	521	262	539	781	723	0	760	57	
371	661	792	844	619	928	641	736	280	538	380	829	517	760	0	796	
684	638	376	233	189	540	169	237	547	278	551	757	722	57	796	0	
