Q:
298
n:
15
Demands:
1	77
2	98
3	77
4	99
5	100
6	62
7	96
8	69
9	74
10	88
11	85
12	59
13	86
14	69
15	53
Cost-matrix:
0	879	418	404	794	111	526	695	160	638	1029	268	902	1093	511	606	
879	0	638	764	297	935	367	383	822	634	489	779	349	464	406	989	
418	638	0	127	704	403	417	325	488	755	976	542	820	1005	242	908	
404	764	127	0	825	356	533	435	511	846	1096	586	941	1128	368	956	
794	297	704	825	0	878	297	571	690	363	272	614	117	309	471	736	
111	935	403	356	878	0	597	709	270	744	1122	378	989	1182	546	712	
526	367	417	533	297	597	0	384	456	392	565	416	414	605	207	677	
695	383	325	435	571	709	384	0	711	775	827	721	669	826	213	1041	
160	822	488	511	690	270	456	711	0	489	904	110	790	976	505	456	
638	634	755	846	363	744	392	775	489	0	465	383	408	555	592	377	
1029	489	976	1096	272	1122	565	827	904	465	0	812	160	100	742	821	
268	779	542	586	614	378	416	721	110	383	812	0	708	889	509	370	
902	349	820	941	117	989	414	669	790	408	160	708	0	194	584	784	
1093	464	1005	1128	309	1182	605	826	976	555	100	889	194	0	766	917	
511	406	242	368	471	546	207	213	505	592	742	509	584	766	0	832	
606	989	908	956	736	712	677	1041	456	377	821	370	784	917	832	0	
