Q:
375
n:
20
Demands:
1	96
2	92
3	66
4	87
5	92
6	86
7	52
8	93
9	95
10	81
11	67
12	54
13	55
14	76
15	62
16	96
17	65
18	50
19	84
20	53
Cost-matrix:
0	303	438	516	473	198	647	541	807	552	306	138	340	155	482	402	354	450	322	776	547	
303	0	146	273	511	464	764	346	546	413	529	250	303	235	775	398	427	244	311	521	601	
438	146	0	156	528	609	796	384	403	475	674	396	326	381	916	516	559	297	436	382	615	
516	273	156	0	454	705	723	536	292	630	787	509	287	498	996	664	699	452	580	261	534	
473	511	528	454	0	646	271	857	661	916	767	577	210	583	822	837	814	754	745	622	90	
198	464	609	705	646	0	777	603	995	578	124	222	535	240	318	375	288	534	333	965	710	
647	764	796	723	271	777	0	1105	910	1153	900	775	472	786	855	1043	1001	1002	956	870	192	
541	346	384	536	857	603	1105	0	716	108	595	412	649	392	910	285	380	104	277	709	946	
807	546	403	292	661	995	910	716	0	822	1072	792	549	779	1287	910	961	659	836	40	721	
552	413	475	630	916	578	1153	108	822	0	549	416	712	398	870	221	321	179	247	814	1005	
306	529	674	787	767	124	900	595	1072	549	0	280	645	294	322	330	231	544	320	1045	832	
138	250	396	509	577	222	775	412	792	416	280	0	409	21	539	269	238	328	185	766	658	
340	303	326	287	210	535	472	649	549	712	645	409	0	410	778	652	645	547	559	511	299	
155	235	381	498	583	240	786	392	779	398	294	21	410	0	558	259	235	308	172	754	665	
482	775	916	996	822	318	855	910	1287	870	322	539	778	558	0	652	553	848	634	1255	858	
402	398	516	664	837	375	1043	285	910	221	330	269	652	259	652	0	101	271	94	893	921	
354	427	559	699	814	288	1001	380	961	321	231	238	645	235	553	101	0	351	128	941	894	
450	244	297	452	754	534	1002	104	659	179	544	328	547	308	848	271	351	0	230	648	844	
322	311	436	580	745	333	956	277	836	247	320	185	559	172	634	94	128	230	0	817	830	
776	521	382	261	622	965	870	709	40	814	1045	766	511	754	1255	893	941	648	817	0	681	
547	601	615	534	90	710	192	946	721	1005	832	658	299	665	858	921	894	844	830	681	0	
