Q:
351
n:
20
Demands:
1	89
2	65
3	53
4	67
5	87
6	55
7	88
8	59
9	92
10	63
11	62
12	61
13	67
14	50
15	73
16	64
17	60
18	76
19	94
20	80
Cost-matrix:
0	488	644	392	543	862	411	562	131	78	492	436	85	134	404	968	418	412	483	217	834	
488	0	156	176	110	726	167	790	360	411	519	153	522	356	564	726	447	790	722	310	538	
644	156	0	301	144	742	291	903	516	567	611	263	676	511	681	698	552	930	841	459	504	
392	176	301	0	167	604	264	615	284	323	349	45	401	277	390	646	273	630	548	180	478	
543	110	144	167	0	631	275	759	422	469	468	125	562	417	538	619	408	795	698	340	430	
862	726	742	604	631	0	863	562	817	829	378	594	812	810	504	202	445	783	572	685	292	
411	167	291	264	275	863	0	830	284	337	601	269	469	283	610	882	519	777	755	302	698	
562	790	903	615	759	562	830	0	611	583	310	645	479	607	226	751	353	258	81	532	733	
131	360	516	284	422	817	284	611	0	54	469	325	186	8	417	900	386	507	531	134	750	
78	411	567	323	469	829	337	583	54	0	469	366	137	57	402	922	389	463	503	156	779	
492	519	611	349	468	378	601	310	469	469	0	367	436	463	139	521	86	447	270	346	450	
436	153	263	45	125	594	269	645	325	366	367	0	446	318	421	622	297	671	581	224	449	
85	522	676	401	562	812	469	479	186	137	436	446	0	187	334	932	370	330	400	223	811	
134	356	511	277	417	810	283	607	8	57	463	318	187	0	412	893	380	506	527	127	743	
404	564	681	390	538	504	610	226	417	402	139	421	334	412	0	657	139	310	161	317	586	
968	726	698	646	619	202	882	751	900	922	521	622	932	893	657	0	566	955	751	768	194	
418	447	552	273	408	445	519	353	386	389	86	297	370	380	139	566	0	439	297	261	468	
412	790	930	630	795	783	777	258	507	463	447	671	330	506	310	955	439	0	216	485	896	
483	722	841	548	698	572	755	81	531	503	270	581	400	527	161	751	297	216	0	455	712	
217	310	459	180	340	685	302	532	134	156	346	224	223	127	317	768	261	485	455	0	623	
834	538	504	478	430	292	698	733	750	779	450	449	811	743	586	194	468	896	712	623	0	
