Q:
359
n:
20
Demands:
1	54
2	91
3	75
4	100
5	69
6	67
7	95
8	57
9	57
10	77
11	51
12	90
13	62
14	73
15	54
16	76
17	86
18	70
19	72
20	60
Cost-matrix:
0	729	280	100	613	586	203	69	682	601	732	694	93	688	541	615	441	288	323	146	15	
729	0	978	696	122	232	931	702	565	337	17	122	677	582	221	167	298	966	691	835	730	
280	978	0	366	868	801	160	281	787	784	978	959	368	787	772	881	682	44	381	288	287	
100	696	366	0	576	582	255	155	729	617	701	646	25	737	529	566	426	380	402	140	88	
613	122	868	576	0	199	814	590	550	315	129	111	558	566	153	81	196	859	604	715	613	
586	232	801	582	199	0	784	543	352	117	223	301	559	368	70	276	163	782	476	714	590	
203	931	160	255	814	784	0	243	839	789	934	893	266	842	742	813	643	196	441	142	202	
69	702	281	155	590	543	243	0	617	548	703	678	140	622	504	601	408	278	255	212	83	
682	565	787	729	550	352	839	617	0	236	552	651	705	17	406	626	442	753	407	827	693	
601	337	784	617	315	117	789	548	236	0	325	416	593	252	175	392	237	759	427	739	608	
732	17	978	701	129	223	934	703	552	325	0	138	682	568	217	180	297	966	686	840	733	
694	122	959	646	111	301	893	678	651	416	138	0	630	667	263	81	302	952	712	785	693	
93	677	368	25	558	559	266	140	705	593	682	630	0	713	507	550	404	379	382	159	83	
688	582	787	737	566	368	842	622	17	252	568	667	713	0	421	642	456	752	408	833	699	
541	221	772	529	153	70	742	504	406	175	217	263	507	421	0	223	103	756	470	664	545	
615	167	881	566	81	276	813	601	626	392	180	81	550	642	223	0	239	876	647	704	613	
441	298	682	426	196	163	643	408	442	237	297	302	404	456	103	239	0	669	410	562	444	
288	966	44	380	859	782	196	278	753	759	966	952	379	752	756	876	669	0	349	316	297	
323	691	381	402	604	476	441	255	407	427	686	712	382	408	470	647	410	349	0	460	337	
146	835	288	140	715	714	142	212	827	739	840	785	159	833	664	704	562	316	460	0	135	
15	730	287	88	613	590	202	83	693	608	733	693	83	699	545	613	444	297	337	135	0	
