Q:
373
n:
20
Demands:
1	82
2	79
3	72
4	62
5	68
6	64
7	100
8	94
9	94
10	97
11	88
12	88
13	52
14	60
15	85
16	85
17	51
18	50
19	66
20	55
Cost-matrix:
0	135	116	681	27	927	609	97	647	79	942	893	111	67	140	151	600	247	141	151	196	
135	0	143	755	119	1003	631	167	733	117	1019	967	186	195	271	231	659	243	49	233	329	
116	143	0	612	132	861	506	209	591	177	876	824	58	124	187	95	518	132	110	98	273	
681	755	612	0	707	249	297	765	88	759	265	213	579	625	589	534	126	541	716	533	644	
27	119	132	707	0	954	631	78	674	52	969	919	134	93	163	176	626	263	135	176	211	
927	1003	861	249	954	0	487	1009	287	1005	16	42	827	869	828	781	358	788	965	780	873	
609	631	506	297	631	487	0	705	357	680	502	445	500	575	577	466	181	389	584	468	661	
97	167	209	765	78	1009	705	0	726	50	1024	976	206	141	190	244	690	340	198	243	201	
647	733	591	88	674	287	357	726	0	725	301	259	551	587	542	506	176	538	698	504	587	
79	117	177	759	52	1005	680	50	725	0	1020	971	186	141	204	228	677	305	149	228	235	
942	1019	876	265	969	16	502	1024	301	1020	0	57	842	884	842	796	374	803	980	796	887	
893	967	824	213	919	42	445	976	259	971	57	0	792	836	797	746	318	749	928	746	845	
111	186	58	579	134	827	500	206	551	186	842	792	0	86	136	46	493	156	161	48	227	
67	195	124	625	93	869	575	141	587	141	884	836	86	0	77	111	550	241	191	109	151	
140	271	187	589	163	828	577	190	542	204	842	797	136	77	0	135	528	285	266	130	95	
151	231	95	534	176	781	466	244	506	228	796	746	46	111	135	0	450	152	203	5	229	
600	659	518	126	626	358	181	690	176	677	374	318	493	550	528	450	0	433	617	450	596	
247	243	132	541	263	788	389	340	538	305	803	749	156	241	285	152	433	0	196	157	378	
141	49	110	716	135	965	584	198	698	149	980	928	161	191	266	203	617	196	0	206	335	
151	233	98	533	176	780	468	243	504	228	796	746	48	109	130	5	450	157	206	0	225	
196	329	273	644	211	873	661	201	587	235	887	845	227	151	95	229	596	378	335	225	0	
