Q:
369
n:
20
Demands:
1	74
2	67
3	77
4	51
5	50
6	84
7	100
8	79
9	96
10	78
11	97
12	66
13	62
14	50
15	63
16	67
17	68
18	72
19	98
20	79
Cost-matrix:
0	742	421	598	321	796	798	243	718	187	525	810	52	781	608	549	379	486	365	662	694	
742	0	648	211	594	339	200	888	370	878	218	624	721	138	807	336	806	474	501	406	121	
421	648	0	440	118	515	591	364	419	605	490	412	452	608	216	321	765	183	593	348	545	
598	211	440	0	396	244	201	707	220	759	155	459	589	188	598	126	755	264	461	225	108	
321	594	118	396	0	526	573	326	436	508	411	491	346	579	333	296	650	185	478	370	504	
796	339	515	244	526	0	150	852	96	971	396	308	797	209	592	247	995	344	704	167	233	
798	200	591	201	573	150	0	895	214	959	322	455	789	63	706	278	940	409	638	272	126	
243	888	364	707	326	852	895	0	760	348	681	774	294	894	478	620	606	509	596	693	814	
718	370	419	220	436	96	214	760	0	897	372	254	723	260	501	176	942	252	663	72	252	
187	878	605	759	508	971	959	348	897	0	664	997	175	936	781	725	285	671	425	844	848	
525	218	490	155	411	396	322	681	372	664	0	601	504	283	680	239	619	344	317	368	198	
810	624	412	459	491	308	455	774	254	997	601	0	830	509	371	368	1103	337	855	235	505	
52	721	452	589	346	797	789	294	723	175	504	830	0	769	646	550	332	500	321	670	681	
781	138	608	188	579	209	63	894	260	936	283	509	769	0	739	288	900	426	596	311	89	
608	807	216	598	333	592	706	478	501	781	680	371	646	739	0	472	970	340	808	435	692	
549	336	321	126	296	247	278	620	176	725	239	368	550	288	472	0	768	141	496	142	225	
379	806	765	755	650	995	940	606	942	285	619	1103	332	900	970	768	0	766	306	906	816	
486	474	183	264	185	344	409	509	252	671	344	337	500	426	340	141	766	0	532	185	365	
365	501	593	461	478	704	638	596	663	425	317	855	321	596	808	496	306	532	0	637	513	
662	406	348	225	370	167	272	693	72	844	368	235	670	311	435	142	906	185	637	0	285	
694	121	545	108	504	233	126	814	252	848	198	505	681	89	692	225	816	365	513	285	0	
