Q:
359
n:
20
Demands:
1	87
2	66
3	71
4	75
5	62
6	78
7	83
8	63
9	95
10	52
11	57
12	58
13	65
14	86
15	85
16	58
17	84
18	92
19	50
20	72
Cost-matrix:
0	341	423	343	212	317	376	523	388	331	536	626	266	498	369	533	743	485	517	238	540	
341	0	719	520	486	222	460	688	725	524	264	925	87	585	129	819	864	655	841	531	733	
423	719	0	666	234	740	750	312	347	646	950	658	665	847	686	631	1027	291	169	474	786	
343	520	666	0	521	331	125	849	422	24	557	458	436	181	614	343	401	811	683	197	216	
212	486	234	521	0	521	577	329	370	505	720	674	433	692	459	608	914	291	368	358	689	
317	222	740	331	521	0	247	799	640	341	244	775	162	366	344	661	645	762	826	409	533	
376	460	750	125	577	247	0	898	538	146	449	579	384	133	570	464	408	859	786	301	292	
523	688	312	849	329	799	898	0	635	833	950	952	670	1017	603	906	1242	39	470	683	1014	
388	725	347	422	370	640	538	635	0	399	883	317	645	593	754	285	714	605	287	242	472	
331	524	646	24	505	341	146	833	399	0	571	442	439	203	615	327	414	795	661	175	218	
536	264	950	557	720	244	449	950	883	571	0	1011	289	536	375	896	795	916	1052	652	739	
626	925	658	458	674	775	579	952	317	442	1011	0	839	561	987	116	546	921	560	397	351	
266	87	665	436	433	162	384	670	645	439	289	839	0	513	187	732	791	635	777	445	651	
498	585	847	181	692	366	133	1017	593	203	536	561	513	0	699	451	280	979	862	377	225	
369	129	686	614	459	344	570	603	754	615	375	987	187	699	0	886	978	574	826	590	830	
533	819	631	343	608	661	464	906	285	327	896	116	732	451	886	0	472	873	560	298	253	
743	864	1027	401	914	645	408	1242	714	414	795	546	791	280	978	472	0	1205	1001	563	243	
485	655	291	811	291	762	859	39	605	795	916	921	635	979	574	873	1205	0	454	646	978	
517	841	169	683	368	826	786	470	287	661	1052	560	777	862	826	560	1001	454	0	488	758	
238	531	474	197	358	409	301	683	242	175	652	397	445	377	590	298	563	646	488	0	332	
540	733	786	216	689	533	292	1014	472	218	739	351	651	225	830	253	243	978	758	332	0	
