Q:
371
n:
20
Demands:
1	75
2	66
3	55
4	94
5	72
6	78
7	75
8	87
9	50
10	86
11	87
12	55
13	92
14	82
15	93
16	62
17	59
18	74
19	52
20	92
Cost-matrix:
0	615	573	347	712	667	387	366	546	540	651	488	198	544	193	555	215	445	438	696	677	
615	0	424	728	310	253	557	409	229	665	159	253	668	574	747	649	677	989	303	220	123	
573	424	0	856	226	660	254	633	588	274	576	192	488	171	763	250	486	760	184	287	546	
347	728	856	0	934	650	719	326	553	879	684	716	542	867	213	890	559	713	686	887	732	
712	310	226	934	0	561	467	652	527	498	466	227	675	395	888	473	677	970	275	96	419	
667	253	660	650	561	0	741	337	121	873	96	474	782	793	740	863	795	1094	508	469	151	
387	557	254	719	467	741	0	588	638	164	677	312	249	160	578	172	244	507	256	502	669	
366	409	633	326	652	337	588	0	230	748	360	457	528	701	405	749	544	810	449	589	407	
546	229	588	553	527	121	638	230	0	779	132	397	664	705	626	771	677	975	420	444	185	
540	665	274	879	498	873	164	748	779	0	801	412	375	104	727	31	364	554	368	560	784	
651	159	576	684	466	96	677	360	132	801	0	394	745	716	748	788	757	1063	434	374	61	
488	253	192	716	227	474	312	457	397	412	394	0	472	323	662	397	477	784	61	215	372	
198	668	488	542	675	782	249	528	664	375	745	472	0	406	363	395	18	322	412	686	756	
544	574	171	867	395	793	160	701	705	104	716	323	406	0	736	80	399	630	287	458	694	
193	747	763	213	888	740	578	405	626	727	748	662	363	736	0	743	377	501	617	861	786	
555	649	250	890	473	863	172	749	771	31	788	397	395	80	743	0	385	583	356	537	769	
215	677	486	559	677	795	244	544	677	364	757	477	18	399	377	385	0	313	417	690	767	
445	989	760	713	970	1094	507	810	975	554	1063	784	322	630	501	583	313	0	723	994	1077	
438	303	184	686	275	508	256	449	420	368	434	61	412	287	617	356	417	723	0	274	418	
696	220	287	887	96	469	502	589	444	560	374	215	686	458	861	537	690	994	274	0	325	
677	123	546	732	419	151	669	407	185	784	61	372	756	694	786	769	767	1077	418	325	0	
