Q:
373
n:
20
Demands:
1	85
2	89
3	97
4	76
5	51
6	72
7	65
8	86
9	95
10	88
11	93
12	86
13	52
14	50
15	54
16	62
17	59
18	89
19	84
20	59
Cost-matrix:
0	324	463	433	630	414	576	302	429	541	734	224	244	191	575	685	299	624	604	469	686	
324	0	782	376	553	117	658	327	733	347	600	548	97	207	899	871	623	428	920	641	630	
463	782	0	735	880	876	661	695	296	910	1016	259	706	604	156	551	198	979	293	473	899	
433	376	735	0	201	479	311	640	829	198	304	597	411	263	885	579	659	249	971	377	268	
630	553	880	201	0	644	298	837	1010	255	141	777	602	463	1034	590	833	236	1137	448	81	
414	117	876	479	644	0	771	325	797	415	673	631	171	321	984	987	705	488	990	757	723	
576	658	661	311	298	771	0	854	858	488	433	638	664	484	815	294	673	507	943	189	275	
302	327	695	640	837	325	854	0	529	666	908	438	244	383	763	986	499	749	728	767	907	
429	733	296	829	1010	797	858	529	0	964	1132	234	640	617	272	819	185	1045	200	685	1050	
541	347	910	198	255	415	488	666	964	0	258	740	422	351	1055	769	809	85	1124	574	335	
734	600	1016	304	141	673	433	908	1132	258	0	899	665	554	1170	723	958	195	1267	589	169	
224	548	259	597	777	631	638	438	234	740	899	0	463	399	353	647	76	818	387	478	817	
244	97	706	411	602	171	664	244	640	422	665	463	0	183	816	849	537	506	829	620	675	
191	207	604	263	463	321	484	383	617	351	554	399	183	0	736	670	471	434	785	440	528	
575	899	156	885	1034	984	815	763	272	1055	1170	353	816	736	0	685	279	1126	167	627	1054	
685	871	551	579	590	987	294	986	819	769	723	647	849	670	685	0	649	797	840	231	559	
299	623	198	659	833	705	673	499	185	809	958	76	537	471	279	649	0	886	316	502	869	
624	428	979	249	236	488	507	749	1045	85	195	818	506	434	1126	797	886	0	1201	616	309	
604	920	293	971	1137	990	943	728	200	1124	1267	387	829	785	167	840	316	1201	0	758	1166	
469	641	473	377	448	757	189	767	685	574	589	478	620	440	627	231	502	616	758	0	446	
686	630	899	268	81	723	275	907	1050	335	169	817	675	528	1054	559	869	309	1166	446	0	
