Q:
389
n:
20
Demands:
1	50
2	87
3	96
4	51
5	84
6	93
7	68
8	71
9	74
10	84
11	70
12	52
13	77
14	98
15	77
16	99
17	100
18	62
19	96
20	69
Cost-matrix:
0	500	120	182	360	90	365	642	551	175	619	189	405	748	633	694	540	515	407	760	247	
500	0	610	326	660	505	549	321	524	581	928	540	766	330	696	815	42	853	283	582	657	
120	610	0	285	413	181	451	762	655	122	641	169	425	867	718	765	650	534	526	871	270	
182	326	285	0	459	217	406	521	524	266	736	237	536	604	650	738	366	640	312	695	392	
360	660	413	459	0	273	138	617	356	521	280	547	117	762	339	357	687	193	412	590	155	
90	505	181	217	273	0	278	600	474	262	538	278	328	718	546	605	541	437	361	691	177	
365	549	451	406	138	278	0	479	231	539	380	551	255	626	269	336	571	315	284	466	246	
642	321	762	521	617	600	479	0	323	781	829	757	733	151	492	618	303	786	240	276	687	
551	524	655	524	356	474	231	323	0	723	517	722	465	472	177	302	530	491	252	236	476	
175	581	122	266	521	262	539	781	723	0	760	57	544	870	807	864	622	653	557	925	386	
619	928	641	736	280	538	380	829	517	760	0	796	217	979	396	317	951	108	661	717	376	
189	540	169	237	547	278	551	757	722	57	796	0	580	838	818	882	581	690	540	915	420	
405	766	425	536	117	328	255	733	465	544	217	580	0	879	418	404	794	111	526	695	160	
748	330	867	604	762	718	626	151	472	870	979	838	879	0	638	764	297	935	367	383	822	
633	696	718	650	339	546	269	492	177	807	396	818	418	638	0	127	704	403	417	325	488	
694	815	765	738	357	605	336	618	302	864	317	882	404	764	127	0	825	356	533	435	511	
540	42	650	366	687	541	571	303	530	622	951	581	794	297	704	825	0	878	297	571	690	
515	853	534	640	193	437	315	786	491	653	108	690	111	935	403	356	878	0	597	709	270	
407	283	526	312	412	361	284	240	252	557	661	540	526	367	417	533	297	597	0	384	456	
760	582	871	695	590	691	466	276	236	925	717	915	695	383	325	435	571	709	384	0	711	
247	657	270	392	155	177	246	687	476	386	376	420	160	822	488	511	690	270	456	711	0	
