Q:
371
n:
20
Demands:
1	52
2	71
3	90
4	59
5	81
6	94
7	58
8	57
9	91
10	65
11	51
12	60
13	93
14	94
15	77
16	65
17	97
18	91
19	77
20	61
Cost-matrix:
0	592	210	537	279	478	510	750	749	269	421	672	397	451	180	378	178	419	724	344	570	
592	0	788	560	624	282	162	927	214	770	705	170	303	768	698	515	734	476	955	917	154	
210	788	0	718	295	687	717	867	955	150	550	878	606	559	126	453	214	509	825	256	777	
537	560	718	0	777	279	399	368	546	806	253	485	288	306	716	790	531	795	404	672	418	
279	624	295	777	0	634	613	1026	825	183	696	757	560	729	170	167	430	228	1002	541	669	
478	282	687	279	634	0	121	646	316	724	442	241	82	506	636	595	563	583	674	741	150	
510	162	717	399	613	121	0	766	241	729	551	163	153	615	647	543	625	520	794	808	61	
750	927	867	368	1026	646	766	0	902	995	330	847	643	309	915	1084	654	1102	82	709	785	
749	214	955	546	825	316	241	902	0	957	751	79	380	814	878	726	864	689	947	1046	182	
269	770	150	806	183	724	729	995	957	0	669	885	643	687	91	350	348	410	958	404	788	
421	705	550	253	696	442	551	330	751	669	0	679	402	65	587	763	339	786	310	442	591	
672	170	878	485	757	241	163	847	79	885	679	0	303	743	804	667	785	634	888	967	104	
397	303	606	288	560	82	153	643	380	643	402	303	0	466	556	533	487	526	662	668	202	
451	768	559	306	729	506	615	309	814	687	65	743	466	0	609	806	345	833	274	422	655	
180	698	126	716	170	636	647	915	878	91	587	804	556	609	0	327	280	384	882	372	706	
378	515	453	790	167	595	543	1084	726	350	763	667	533	806	327	0	550	61	1072	687	592	
178	734	214	531	430	563	625	654	864	348	339	785	487	345	280	550	0	594	612	184	682	
419	476	509	795	228	583	520	1102	689	410	786	634	526	833	384	61	594	0	1094	738	565	
724	955	825	404	1002	674	794	82	947	958	310	888	662	274	882	1072	612	1094	0	651	819	
344	917	256	672	541	741	808	709	1046	404	442	967	668	422	372	687	184	738	651	0	865	
570	154	777	418	669	150	61	785	182	788	591	104	202	655	706	592	682	565	819	865	0	
