Q:
391
n:
20
Demands:
1	79
2	58
3	100
4	94
5	86
6	70
7	80
8	75
9	86
10	95
11	94
12	79
13	97
14	56
15	88
16	72
17	58
18	64
19	51
20	84
Cost-matrix:
0	907	356	843	965	936	636	247	712	643	276	804	642	42	691	477	794	685	133	516	268	
907	0	616	829	109	99	275	917	432	270	824	842	371	870	512	952	768	392	901	883	754	
356	616	0	558	650	621	378	302	357	390	210	532	478	333	609	385	497	332	421	353	139	
843	829	558	0	783	764	756	636	407	769	571	50	926	839	1094	452	68	458	948	366	580	
965	109	650	783	0	29	350	948	406	349	852	802	471	930	618	958	726	378	971	881	787	
936	99	621	764	29	0	324	919	382	323	823	782	450	901	601	931	706	352	943	855	758	
636	275	378	756	350	324	0	672	366	14	586	753	182	598	358	751	689	309	627	699	512	
247	917	302	636	948	919	672	0	613	683	98	593	740	264	837	232	598	605	377	283	163	
712	432	357	407	406	382	366	613	0	378	515	414	545	688	720	569	342	57	769	486	470	
643	270	390	769	349	323	14	683	378	0	597	766	172	605	348	764	701	321	631	711	523	
276	824	210	571	852	823	586	98	515	597	0	530	668	279	778	227	525	507	394	245	76	
804	842	532	50	802	782	753	593	414	766	530	0	919	801	1084	403	77	462	912	319	544	
642	371	478	926	471	450	182	740	545	172	668	919	0	601	177	862	858	488	595	824	592	
42	870	333	839	930	901	598	264	688	605	279	801	601	0	650	490	787	659	116	522	260	
691	512	609	1094	618	601	358	837	720	348	778	1084	177	650	0	988	1026	663	612	961	705	
477	952	385	452	958	931	751	232	569	764	227	403	862	490	988	0	431	583	605	94	290	
794	768	497	68	726	706	689	598	342	701	525	77	858	787	1026	431	0	392	894	340	528	
685	392	332	458	378	352	309	605	57	321	507	462	488	659	663	583	392	0	734	505	455	
133	901	421	948	971	943	627	377	769	631	394	912	595	116	612	605	894	734	0	638	369	
516	883	353	366	881	855	699	283	486	711	245	319	824	522	961	94	340	505	638	0	289	
268	754	139	580	787	758	512	163	470	523	76	544	592	260	705	290	528	455	369	289	0	
