Q:
377
n:
20
Demands:
1	69
2	84
3	74
4	51
5	80
6	81
7	53
8	56
9	95
10	63
11	94
12	93
13	88
14	98
15	70
16	92
17	63
18	57
19	86
20	64
Cost-matrix:
0	736	66	587	482	598	226	451	117	513	56	380	116	134	115	175	596	210	287	87	73	
736	0	798	367	567	349	545	291	744	291	761	398	852	870	786	830	245	787	1016	775	807	
66	798	0	632	540	663	275	511	114	566	48	432	59	74	87	179	650	191	236	63	13	
587	367	632	0	691	570	363	255	538	138	585	226	690	704	583	739	126	540	867	585	643	
482	567	540	691	0	239	484	437	576	556	536	497	564	582	593	444	609	667	657	566	540	
598	349	663	570	239	0	503	333	659	436	643	438	703	722	690	621	460	737	832	668	668	
226	545	275	363	484	503	0	255	201	293	230	159	333	348	244	380	376	249	509	237	286	
451	291	511	255	437	333	255	0	454	119	472	122	566	584	496	564	182	500	735	485	520	
117	744	114	538	576	659	201	454	0	489	71	357	166	174	46	284	571	96	337	52	125	
513	291	566	138	556	436	293	119	489	0	522	134	624	640	534	647	84	515	799	529	577	
56	761	48	585	536	643	230	472	71	522	0	389	106	119	60	214	606	158	283	32	60	
380	398	432	226	497	438	159	122	357	134	389	0	490	506	402	519	218	391	665	396	443	
116	852	59	690	564	703	333	566	166	624	106	490	0	20	129	160	708	229	177	114	48	
134	870	74	704	582	722	348	584	174	640	119	506	20	0	135	172	723	230	165	123	64	
115	786	87	583	593	690	244	496	46	534	60	402	129	135	0	264	616	105	295	29	97	
175	830	179	739	444	621	380	564	284	647	214	519	160	172	264	0	729	368	215	239	170	
596	245	650	126	609	460	376	182	571	84	606	218	708	723	616	729	0	593	882	612	660	
210	787	191	540	667	737	249	500	96	515	158	391	229	230	105	368	593	0	379	130	200	
287	1016	236	867	657	832	509	735	337	799	283	665	177	165	295	215	882	379	0	286	224	
87	775	63	585	566	668	237	485	52	529	32	396	114	123	29	239	612	130	286	0	75	
73	807	13	643	540	668	286	520	125	577	60	443	48	64	97	170	660	200	224	75	0	
