Q:
365
n:
20
Demands:
1	76
2	51
3	75
4	66
5	84
6	91
7	81
8	88
9	57
10	66
11	82
12	68
13	85
14	91
15	54
16	75
17	54
18	75
19	84
20	57
Cost-matrix:
0	337	210	480	244	676	741	88	400	448	197	581	561	323	448	504	199	547	388	159	444	
337	0	479	790	541	955	934	321	157	765	290	823	891	56	394	376	144	858	315	493	590	
210	479	0	522	355	745	877	296	581	478	406	694	544	485	657	710	370	580	596	156	623	
480	790	522	0	249	228	447	470	791	48	523	249	157	758	668	764	647	69	665	378	413	
244	541	355	249	0	432	523	222	548	228	280	345	365	510	466	554	398	318	444	202	300	
676	955	745	228	432	0	299	646	924	275	670	174	304	915	746	845	817	188	767	596	451	
741	934	877	447	523	299	0	679	856	489	652	200	576	883	620	711	818	445	669	723	345	
88	321	296	470	222	646	679	0	350	445	114	533	572	294	364	425	178	538	309	216	367	
400	157	581	791	548	924	856	350	0	774	269	775	911	113	264	226	212	857	193	557	514	
448	765	478	48	228	275	489	445	774	0	506	290	146	736	667	761	622	104	658	337	427	
197	290	406	523	280	670	652	114	269	506	0	534	644	246	251	312	167	590	196	327	315	
581	823	694	249	345	174	200	533	775	290	534	0	389	778	579	677	692	258	606	539	282	
561	891	544	157	365	304	576	572	911	146	644	389	0	865	812	906	747	132	803	427	569	
323	56	485	758	510	915	883	294	113	736	246	778	865	0	338	324	124	826	259	481	539	
448	394	657	668	466	746	620	364	264	667	251	579	812	338	0	99	352	726	81	569	298	
504	376	710	764	554	845	711	425	226	761	312	677	906	324	99	0	372	823	117	638	396	
199	144	370	647	398	817	818	178	212	622	167	692	747	124	352	372	0	715	274	357	481	
547	858	580	69	318	188	445	538	857	104	590	258	132	826	726	823	715	0	727	440	461	
388	315	596	665	444	767	669	309	193	658	196	606	803	259	81	117	274	727	0	522	333	
159	493	156	378	202	596	723	216	557	337	327	539	427	481	569	638	357	440	522	0	484	
444	590	623	413	300	451	345	367	514	427	315	282	569	539	298	396	481	461	333	484	0	
