Q:
390
n:
20
Demands:
1	95
2	68
3	75
4	95
5	95
6	63
7	63
8	65
9	88
10	84
11	68
12	67
13	98
14	72
15	61
16	73
17	84
18	65
19	87
20	94
Cost-matrix:
0	466	691	647	683	781	311	765	249	697	1097	914	75	349	389	777	839	573	465	766	935	
466	0	700	488	476	363	428	340	430	328	803	898	394	121	583	674	374	132	317	593	724	
691	700	0	269	326	677	386	686	444	564	617	225	687	645	328	176	907	668	384	274	394	
647	488	269	0	65	409	355	418	416	297	466	422	615	470	409	187	642	425	202	122	289	
683	476	326	65	0	354	402	365	461	247	418	459	645	474	469	218	595	398	223	118	264	
781	363	677	409	354	0	607	27	644	118	492	804	717	449	732	563	255	231	395	446	499	
311	428	386	355	402	607	0	601	64	499	819	610	302	329	156	467	755	468	218	467	638	
765	340	686	418	365	27	601	0	635	122	518	819	700	429	729	577	236	209	391	462	520	
249	430	444	416	461	644	64	635	0	540	879	668	246	320	176	531	774	486	265	530	701	
697	328	564	297	247	118	499	122	540	0	478	704	639	387	618	462	349	207	283	350	433	
1097	803	617	466	418	492	819	518	879	478	0	590	1055	845	867	441	721	684	633	369	224	
914	898	225	422	459	804	610	819	668	704	590	0	912	856	541	243	1052	846	585	358	382	
75	394	687	615	645	717	302	700	246	639	1055	912	0	279	406	758	767	505	424	736	903	
349	121	645	470	474	449	329	429	320	387	845	856	279	0	484	649	493	228	275	586	735	
389	583	328	409	469	732	156	729	176	618	867	541	406	484	0	461	900	616	339	499	663	
777	674	176	187	218	563	467	577	531	462	441	243	758	649	461	0	810	610	375	120	219	
839	374	907	642	595	255	755	236	774	349	721	1052	767	493	900	810	0	288	570	696	753	
573	132	668	425	398	231	468	209	486	207	684	846	505	228	616	610	288	0	299	514	627	
465	317	384	202	223	395	218	391	265	283	633	585	424	275	339	375	570	299	0	322	484	
766	593	274	122	118	446	467	462	530	350	369	358	736	586	499	120	696	514	322	0	171	
935	724	394	289	264	499	638	520	701	433	224	382	903	735	663	219	753	627	484	171	0	
