Q:
352
n:
20
Demands:
1	77
2	52
3	95
4	96
5	60
6	70
7	55
8	91
9	56
10	51
11	66
12	59
13	64
14	52
15	50
16	57
17	80
18	90
19	99
20	91
Cost-matrix:
0	648	105	256	376	443	319	600	508	171	423	27	650	337	440	523	158	158	551	259	363	
648	0	574	750	371	611	442	479	171	684	490	630	148	960	374	1082	564	647	98	821	315	
105	574	0	227	275	350	317	496	423	137	437	79	561	388	426	540	58	234	477	266	318	
256	750	227	0	392	291	542	515	583	91	660	242	701	260	652	333	202	413	657	92	536	
376	371	275	392	0	257	389	258	200	342	508	351	309	628	432	720	238	460	286	472	284	
443	611	350	291	257	0	600	239	444	307	726	418	514	548	670	558	293	583	536	381	525	
319	442	317	542	389	600	0	643	376	452	127	318	513	652	125	840	354	235	362	570	139	
600	479	496	515	258	239	643	0	346	507	758	574	347	774	671	796	444	708	435	606	527	
508	171	423	583	200	444	376	346	0	522	463	487	147	803	358	915	405	539	94	658	238	
171	684	137	91	342	307	452	507	522	0	570	154	648	287	563	408	122	329	589	138	452	
423	490	437	660	508	726	127	758	463	570	0	427	587	745	117	945	478	305	427	680	234	
27	630	79	242	351	418	318	574	487	154	427	0	629	345	437	523	131	177	534	254	352	
650	148	561	701	309	514	513	347	147	648	587	629	0	934	475	1027	536	685	162	781	375	
337	960	388	260	628	548	652	774	803	287	745	345	934	0	775	230	399	445	863	169	696	
440	374	426	652	432	670	125	671	358	563	117	437	475	775	0	958	455	357	313	687	149	
523	1082	540	333	720	558	840	796	915	408	945	523	1027	230	958	0	529	655	989	274	857	
158	564	58	202	238	293	354	444	405	122	478	131	536	399	455	529	0	291	468	259	335	
158	647	234	413	460	583	235	708	539	329	305	177	685	445	357	655	291	0	556	407	335	
551	98	477	657	286	536	362	435	94	589	427	534	162	863	313	989	468	556	0	726	228	
259	821	266	92	472	381	570	606	658	138	680	254	781	169	687	274	259	407	726	0	584	
363	315	318	536	284	525	139	527	238	452	234	352	375	696	149	857	335	335	228	584	0	
