Q:
359
n:
20
Demands:
1	51
2	100
3	50
4	84
5	53
6	81
7	53
8	96
9	75
10	64
11	71
12	97
13	66
14	62
15	70
16	82
17	79
18	89
19	63
20	50
Cost-matrix:
0	387	482	259	537	659	112	242	463	545	636	360	377	253	391	728	531	676	378	625	749	
387	0	847	644	294	589	419	579	609	891	779	470	758	546	203	654	898	807	144	355	796	
482	847	0	250	892	829	429	272	493	95	557	529	140	325	873	877	52	596	860	976	752	
259	644	250	0	754	786	251	169	494	332	626	459	123	242	638	847	291	668	632	843	791	
537	294	892	754	0	333	504	629	498	907	629	385	845	568	497	388	943	643	438	90	579	
659	589	829	786	333	0	574	623	339	809	380	327	836	548	781	70	874	377	724	349	262	
112	419	429	251	504	574	0	162	353	476	525	259	351	149	470	640	480	564	446	593	642	
242	579	272	169	629	623	162	0	326	314	466	298	221	75	626	682	323	508	605	716	624	
463	609	493	494	498	339	353	326	0	470	180	141	518	256	746	384	537	216	702	565	300	
545	891	95	332	907	809	476	314	470	0	504	530	232	351	935	851	96	540	917	988	704	
636	779	557	626	629	380	525	466	180	504	0	316	620	407	924	395	590	43	879	681	201	
360	470	529	459	385	327	259	298	141	530	316	0	515	224	608	389	578	349	564	462	391	
377	758	140	123	845	836	351	221	518	232	620	515	0	293	760	892	174	661	753	933	803	
253	546	325	242	568	548	149	75	256	351	407	224	293	0	617	607	376	449	589	653	556	
391	203	873	638	497	781	470	626	746	935	924	608	760	617	0	848	920	956	59	555	969	
728	654	877	847	388	70	640	682	384	851	395	389	892	607	848	0	921	384	791	392	244	
531	898	52	291	943	874	480	323	537	96	590	578	174	376	920	921	0	627	909	1028	788	
676	807	596	668	643	377	564	508	216	540	43	349	661	449	956	384	627	0	910	692	172	
378	144	860	632	438	724	446	605	702	917	879	564	753	589	59	791	909	910	0	497	917	
625	355	976	843	90	349	593	716	565	988	681	462	933	653	555	392	1028	692	497	0	607	
749	796	752	791	579	262	642	624	300	704	201	391	803	556	969	244	788	172	917	607	0	
